17383948392390434762946374234924632974629462746293
47847328748374237847365465946597463985784375048375
34234325456655352354273657346592673450923650463555
23674092376407365074360576430596347956379654079645
45729834653475837285743875647326478324372492101934
44784787487472387207836280275087027356926956295623
65438076017642107630147364563765651734653056356134
63490620462704620675660266176017160016572659760657
64574543323224375465867667636946379463726476595623
74316545763864584567835674473901367231476476437547
47561425762346583825765874654784764736114674578456
78328761478617684768471257367055071171515643560146
23764762056734506736341601547315750654356037638967
74698713764567839657061760176161367629427669631043
86486583645863857682693782929881847563911057607395
37823772384728375987392878472389757284723748724728
26468253546596596753270852738057230847823642638056
37862396473265493274823689467396596239562386598236
34785698347659265982638562385602836598236952639562
59732679563729659236592369562985629865926562475629
27579265926598265643759647956497659657946539562976
37264793264932695623976572674539643265623659629576
46263473624793659629652736956392569236523656238562
95762356236060861063637965972656279569236537659555
37649264765796394639264937264723646234762469236492
76423649264962956592369462462364326794632764254349
34783027402784720734032640365806464806804683487847
43764793267462794637657264763279462964792634736294
73467923649326570274023748026346280750270857230478
64793269432985682364036846296408237508285620865082
37926479369560650826502685682365868562683560832684
64726562395692365926358962805628658656295693658263
32679563659368573826589236598623856265082385698285
32562635620875804758370857067656826586580684056303
36475736596356396536458936895638578364857385738345
43654369564396593465846856438563846589634856846584
56743657463596394654654635863895638965946563495694
73467536956374659736579639563765794365764965746574
47563946579346579634957634956396492697695694654936
46576437956439659347545795694659463956347657465436
55487465743656437956736456495693659734657946956493
65644765973659643563796579436574639637467656445646
47657436756746574653465637653657465647567465746756
43765747563495674657465647567436436756375673465647
43657645646576345634765746573675675673465767565643
74746576465736756349563465364756346543657346566574
46536756375635639636956364656365645764564756654655
43664627646462564365436565674564654367567456467546
56356438456545465645634556743674673642634646264726
46726423674623466574675634765793465793645637465934